$ANSIBLE_VAULT;1.1;AES256
39326261646461343931623962353136623738653731323365383464323531653665393136306534
3536643039636430373733303865336663313066623033320a396662326538633932333533653261
34336263396636666166666465366531393065636462636234613536363766303138346165363661
3266636231633166610a653138363362346433303766633834306431303930643139303730333330
32343239353530323631613437306462626137386633333536656636316635353435636164386533
39373262383037353336613932666134326638343839343132396662396130323263633966333439
39366534653331346263363035613132656364323738303462326337643565613464336534623538
64636263306131376661376665366333653564653239326534623638366634393264656238303139
37346531363632343335643436623833663264316631376436386337666336386433663030366139
32393063373464386238313038636163373339336136313032623231663762623538666638343037
66396366373232653161626434323062373562336332396637323665333133616265303334383566
31306138616239646430333838623132303032383432346661303232663439313265393039646161
32303832306563303930653861303334303130643863643162613161666261633639343931353037
61653730316139316439616432666663626661373837646262613039336533353238643064643462
65336630333430376666366435353061666331323766313861623663303166613263306166373337
34316263346561363032
