$ANSIBLE_VAULT;1.1;AES256
61663135613635383735333739666530393537306536393863613332303534636331386636316531
3664393038316664623939353063626263363134373366660a376135323931643061643262666466
66666635333561373161373233373037643438346261396131346135623439336631383666656630
6134343865623664340a653762386530663439363535633433306338393761623136326561353263
35663562343963346636343737363536626236653533323130306133653130666137333934663739
37316162363539376638396462323362646564343337633035616331613836326634383135626332
61366663346339653065643361643837663663666332376633666136306563633762383565393063
35333434323834366538663039366332323931356339373835643534656335383535353231633163
36666436333334353633353132613736663561363363626564623937616530636138323433333665
38333234303232326166306536333537656232636332343835323637613139633632643536646536
30646237343633313935323232376538326439613065326530623761396439346534653933633438
63633664623965333032663933323938646232323961393632366363616539613633393066386631
65613633623137656631636265373361383262306230353238633563646466636164376363656536
62306565346536653435653039643835363165616132343766373464343462303766383835653239
61343538663161373065626339653634336239623534636265653266396365336466646435653466
33316535626133323964346136303864383162396462393261383963646133643265656264396439
63656461316333363139376330616466663565613133376364363038326532306162663561356333
64656632333834643437663265303338316565656331373438646231323666636436373631303662
32336439343065383265643131663562383633646634303865623665316563623431663566343361
35396165326665623539383939313963643437323931363734313233646239653831653434376537
62633464373563663864306465626665623266663761323534636561636562383237383964373132
35663031613734303035656365613635323933643238383733613365663935653961333831636532
62303039643462396531636666376566663037653032316236366336316264306466326166326236
30633034656534366636323761323065626362386631663030326331386464623039376637313537
3231
