$ANSIBLE_VAULT;1.1;AES256
63663937353836663538306336316635396230633635306163363066383036646332636163656166
3331363537623465343436623732633466636232643435320a623738653434613432343963623135
38356263643066376661623636313734393063373531626230373036346163616339386438353935
6564323930303061660a376164623434616539653161666465353030643137343365623764393364
30383465316534336639626635616539653538373235353037643634323363303666666530306465
61326533333630383634363130653437626532313331653833623062643063326137613532626130
31646538316336396464646239353633633336393331656161653762666635373639663264356462
66373732373266643333376162646239616234663461313031356131616435663661316634343633
66356431313431383331316139616436646563383038323262666364393635383536623363653965
65643239623635393865383932666436396361393265333064303931643765633636633232646430
65663336646461663864333738663765306633653762653533366332313562316639616162373938
63343262323765626239646433316233663338316637663337373361313164346231653862643532
36646161343336646334613637663931386331373830613633353764646136356533386137643464
64646238663030363164623562636633343963393163353966343332356438663066616565383464
65663564613435333039343233326336346565653465313161613766386338386335633331346330
31353037386136336562313861326536313530313238623737346161663662623863613832323130
34623663326235646363623930613230636130633039313564646464386263363266346462643039
38336631613737663633396635333832663263353762393836663633633465386436316632376335
31386331653739363263336636613432643466663737366135323631633862316464653432363030
32663937333831353138613566666239653837333763396335353465336463393936626633363934
37376464356463643662646235386364346363623862326161666631643166336330656266326161
36346334353130303431646562623731666261343634393631373338313732646562616636376562
36653563383932613262346633616263393438393231633236343562663630353766356537663239
39356538353266633766653438643962636634363866616562616130376566303463343936666134
65663763626530333366653963336664346533353037613135303563666139346537666137363731
66376237373461383566616431366463313036633537643062643933366336353430356139633638
65653630633766343764323730346236366234626137636137633664303236663436343638363134
31663534373738393861333233356337376237666365336564663632303664383138343231313463
36303534336633363234333835373361633666353234306636616562626435303961626266633138
31343461613162396439626434343639343965366234356266313232666631356331613263346431
61633530613438323235656364663039343738326639373666313266313664623532303534386230
36386332623231636263343265663762633438306362313139376335656432323335306336656263
66356664663035666163353265353533356265666461393963383133343939616635303636626136
31636136626564663564376263643634346637343865633735396635326363653136663934626539
31343635323166636135383335623434343036363564393162323931383933626438343335626266
36646137616463383030373465666633353665373036363266396531306436633835336531643834
30346430643666346662643637393265616534663230326532363933306563343735
