$ANSIBLE_VAULT;1.1;AES256
37653232653763323862353038386339316630306261623365646430656565363738336634303864
3463386634396533376262393430313338653331636537310a666133303063313932313330373332
62396261396135633932323734613666356464306139616138353733626535653364636565323765
3636633966656565330a663662663339346565646239656536643966393030623938633230623161
63323234313930653264383166373039626434356535643038643035326139363337653061346665
33356163356265656565373531383538623164383766323438313964653430353862346435393761
32323434663666333439653434393537373038666630626166346532323539396230663164353066
32643861666534636665323037366533363863386462326632326633656663373231656530653264
37356330656531333536343235323738633736643266333839636262653137333863356236313538
35346537356538643334363238323436623665393037313332623032313433396363306361623237
38316231666465303632323239626562396361666664386562386236623532616133386338356639
62396334373437376361373432383234373735656338373762646138376364386166663137383232
36643232366634386136656233633737666431373764376162333139323631643739306139336363
66353737666539306439303965306430353434636239373939366531313331643164393562343136
62636236323234393130313030633831316666366636626262313035373863333630393564666135
33363930353135646161343734616163613137656463346132633439373561623662373232663235
33633234333333663562313238363837323038623536383663373032623961613766616164663232
34333132643439663266346137643136303266313731663335663763646137666633316132643030
33326363643161636463366332346636653066316135336336393539663330383839373232613130
63303562326162633234636334303362613639386537613831666561323039346632303336343239
31303537366335323162343164303231626638313834666439653234336639643435353862333430
30313933303134383237373932376439313434376331353163656437376337343164396535363536
32396163373266386636363362383736616164326338306462656138643235396461366231383563
66633161316438633330343437363831666338336365643363373735303636326333386162306233
34663630643965376666376639316431393037363936643166616462636532656439326561316239
36386662656437393433383633303433623039363765663737373639393037343734393561363930
31656362356131313831303466303066666439633839643735366337313036636563373564396635
38646531336232653765383466373261383530323139346537386431306635626366643066383862
62666635666432333166386161643666363331363835373538663066313066366532363737643561
66383863363262323662303061363936616463643332363830346238393031623638303730643531
30316662303339653833336136636162663634373435303035633565623631393032373561663633
31643731323737313563386636333161613433333865323833363632653336613363323866356331
31323062353539626132306130373966646430373364646234386537323237326438616337613235
36396237333966316464643233326463396266656338363037346162326333643265376163393764
35333931633566336262646565306436313731316535346561666432386663343361303635356561
36643135616366626432336530643536613032326533373537333833396632636664323365326537
66383663623234306461656335343733316465646135343634623538333231356133653635353839
63386430323933303338323634623662333163323936633738343534653739633333623362393339
39636666643961343233646634646435383433633261653533653930303461663934663661326639
33323831313839383332376335646539613634623462363834323330316532623331626532626633
66633030363161626132393434303761343061613734386561316437666466643030613632343237
30663431366339366233306463383763306565326130346264376661373933663331306533616230
33376133393361306639376664636563336631383633343830356465656562316639396161653432
38613466656333353062343163616132396563346636623935343266373831653135383663623737
63633135653938656636633962303663653765613565376332343165346535383736326466643935
35623261383864623461396538656133653365353738386434306463656462626534613338306132
63316332616335626364613165633262613661353365323063383135396334616265346337653331
33613366373263636233393965666438323636653264663966306233333737383033643034383632
37643039306335633063386163323035656430626233643965323162643866343166306161393766
39636432396238663438373563313130366639393031666530363361646633303261316561633832
63666232323137393739633737663066393137623534346636333430303161393537323135353164
39333337663461383664663062616566353535396534393930643234376232323930653365356237
33646633313733313836626336653361623135303538376435666335356666646632323966366338
62303332643630623438646436663535646431633463383166653337633263303934663933646663
37346432633231306264333262383033356238393662643263363233333731353661353438343261
62323835386166326632323639336339646437646330346533663365666330356433346161386132
65333833623264306562626534306238656163343337386332666535306531373037623861313139
37616231373230306531313961383731346333666638653366663065333430363835666361356334
36393962656265663930346461656263323162623965363133316261623337396665343966396137
36663339616631336365346232313366626238636538656466646466313031346463613130316437
35623762373766646338656165613963643534626161313435306134653365656433343235373433
36323831376439353866353764373634326532633561343464623436326238643032646439396265
63316339623632613338616132636265333933313739636361356432613964373662323661373564
38323137366566353833323062313331653132366538326162616432616133386637646565323338
38623130393531386138306161663436396161363261303238363331646539393337343437343666
35366236363966646533343635303163303733656566653564303736613562396537303635633762
37653661303832353365323230656363613761303739303335343539643635663536666461303866
37383063363765306333313332653239353035316365653632323539616539393664336561366231
38646336663764353763383464623033663763356238353863393262666336386138643235383765
36313437356532383532333238636231366137353435666336333530616339653433613135313164
64366435316361383264396566636436353364366561336238613234313937623630313237393233
39306637376135316335333435623737376236336261356163306432616338383433333162346231
62306638636635383334376338653662626262383564666462333837366135396665653962353263
65666433353939306666376434653939306465333465383334373462393566303936666462326662
63336336383130363633633338616331643534623766323830393338653033643634643532636266
33333833353631633732646564646163373762623231313939666532656265653735643966383565
65393462643961613435306533386537653664653461623466323865313031323766363062646662
39643934343761343734623461386265373732326337376331323065343033353763626161303565
33376233643233366439343535393863346166326532626134616630303539303234336266623466
33393932343333613738313361653230623935303137383034373434373362346462393637623962
62633636376136613564623366346531333564356364343434623061383962313734633738323461
61613861383331323238343830663438343061313032613761613433356135643835336263653538
31353062366464346335363261386632396664363433333437326331366434666134373863383666
34623166333730663732353839373665353063306137306666303265383464383230396663373039
39316535316334643038353735343131663262363662623131336237633462613732663435656433
39333532323838383461653465613233353336306662613237373462643839376264663032626236
65386235663530313963336566353136313264343632306664386536383232333239373034323636
61366662656536363339
