$ANSIBLE_VAULT;1.1;AES256
34623564643031333338326635343566633961383237323134643764343363353637303061326434
6638633030616262383763656637373962363765323238660a323933303133353463343861633337
65633735666564343430346436326233366339323333633566616436623135363835303163376661
3238366134323330640a653264663461346334306662306362376366343932333439633062333866
35616161363766663635633966353331656534393130393130303231613836383236646562303839
62336634346337646430613665383338666131383836616565663464653063613262343334636364
31313464333131633934656234343163613961333231643836373137396637343139663932373061
33373266396137633436656635376563366366323661323961313863356635323931326163623338
36633034306435313439643432643639653131333633623736663666616662623033633762366136
35333561373332333639376539326563643036653336643837666661366665653638316463303030
66303566316635353436623636393362373331646135386163636333366233613834346137363166
65323830363864626238346533356430393463633537363134343336656538643530333536336662
36326362353930353731663837333337383132663638643765303563623139386139336561396466
31383934343764373131653631656137313538653037626565366633633664666366303738656438
64633461323461366534383638663839666635343730366435306265616462623634613861353136
31313131316565633332326161326563366133373266393733313339313336616530663161363763
65303036366263333239396161663930313837306239323461653661353537366161333431303530
66363334646138373337363231393961626432653062396461316539333634323238326238386537
31386565353733306235336630663536333639666164643033383738633434346432326266616130
35666262313439323631396632343738366166313338373539623463313735383462366134363365
37636234313830386432336437626363373239326662356336643363333234323661656564383632
61323664373636396132613930346639666536333365346264643837376365643862313637336237
64353132303334376639613336316238336136333938333432363532613830303532653236643030
63366238336466616230653631343539343335353864343039303539303736396363623136623638
3230
