$ANSIBLE_VAULT;1.1;AES256
62643033306566663162626137373136383863373731346265366130363563653631666234636639
6635623265343261643761616133623331653666386262380a643533613637363730333663373032
32633138323430626331616461313434396636633165633336663233633036336663663331643162
6436636161326232370a383432353561326332363662636637366435393839373739643361396130
38663631633033336138363531326138323934356265666236356433306666626639636330363730
33643461366336323632356136613363323730396163346236333365346435666466393630393961
66643032363732316634333164373164393262383730376438326636303831373364336131303838
37343636336139376564383038336531336234366630656164313732636230346137643730356235
30333662653238333965323365373562633965323731323565623866303935626136376661653237
64363434393235306133303636666235346639633563336361336337383966616631306530333533
63636430373764353830386531636632343534656338633333373832646131353433333734326234
37326435363939666463636535373866303064306534393832376166646237303332393139623533
64373032653931333562303463343338373335363365356663333332386339316164343634376134
64663731623333633861393730636563356538626630646366353439383132383761656333373430
62623461353665613830353363626632336131323135396330393064643432643031356237343531
30623835633335356633
