$ANSIBLE_VAULT;1.1;AES256
62633966626437336565393863366139326239626361306461636337333031333738366666363433
6335363230326136353638633832626535663766633138370a633566643030663265336432343032
30336135396632383962373563316435366139326266636431356464656631333261326135323061
6632636638636632370a633161393233316562386666663337356538613737663231346163646466
31363238646563616333396263343835313233303934623661386366313933626335316664356138
62313938383635306231316366646535643861343137333235333731633736333663363735336335
36313638373766663236313831393334363264333364383539366139393131313366383166376166
38363536666464363364616134643936636131653931303835623038623030396134393938626234
64373537616234626434366530626631313962306330656436636439623466333761373934303261
38323336396461373331396263366533643865383264356438653934663765333632633265366138
38316131376438316333623832353261613035656430666437363633663961613832386231346430
35396236666232666232666565636664346437313164626166633264393061366230323365386461
62353437366636353362313162336234626637636265313637346333653732326130373063356537
61653336336537323532643661343131616637313266666163363261353536636232633439303861
39646364313731303739663333303732316430393163326163666234656439383437616563653836
36653831663366346434363332386161383562613161626234333734333561343261323436636432
34396434323832303839323032643436613663396562303434643031623335363763373134373637
62623162376264376162393935306136383732373533333938393439303034343932366432663337
31313934646430646439306362316466333033643165336131346134303262366664633233636433
30613830353138353135306239633534333662386139376661633739643661316365343031623266
38613961336539646336646132373935323265663331373939396133306132333231633631356162
30303435663061643632383961646537366464306464613666373231323839316132303833346662
64663136343930396363343034656232353638303138386561636164326432663565646634383239
32643063366166373037343335636239653730366136343066393364653238396436333566643936
65396463313631303266613964373735306235396538666336303135313662313935383237303361
37376434316135303066306166376232666133633563366236343166343832616366613931393039
34303735616132366437356263313639643930666264346366343962336330353239303734333736
61336134333732656162323533373438373438353336376434396566303739356562636637633535
64373433613837306635393339303336373065626264333734383764333864383632303433313334
62636462663563313837376162613035336166623039343636666636656263393131356661353065
61656239633664353065393138323964303261613365313435333030643730363561633764366138
31393563323364616336363234663864366635626530376136623634373761616138363139333361
32336364366436353265323534623530346432636164346162613366326638373339616461373131
66646630643162353865333635383264636535613265316638336539643965653966383732313939
37316565643933616666373035626131306138316662343661313739363035333761326437643965
34663064336164373831646561353164333634666133643263643337623136626436346563386131
37663938303233666337633039636139303461396432323864623833613566643765383933363438
30313539626132646663613630663461356531343162393062343030326163666663373162643036
64643761623263323034633337353538333861306566643735313261666532663230336262313965
37656664643363613364636665343365363031616263336533366536623465343938343131313131
36633731323238613136376437323337663730333334623963333932636536393666396435666538
65616330306563613033393962613139363432386135343861663739613539643537373139643766
66393430336439643830306133613133303636363034363065386561613330653764336634303432
37373131623932393135336133616465663835323734376539396662356439343561356262643430
65656333303365353432326663353339333466353132643933363938323732393330316565633365
65646230363631343433643838623736396237376436353732656531353030643837613534613436
30666337306265306561363433343366623631636233343539303337306438633930363163633935
38323236663333616234633535613838343162613933333436373730336334376538663733333163
37303333333836633761633366353362383230666338356562303164303830336232626235386666
32346463326535393863356333383363656464636235363562366237616532353963303563613264
32306631333739623530653932633064636666613466626665376138316137306662623164616633
66336436633730643533313662656230383330313864663037636237336162373133336364656134
39626466396438376630636564333336383335663536313164616262646136333630366434316434
62633038336231376233656537303664343166386534313932383239376363353130316531336538
63383766616335656630316665656635666631326536663131623233386131393166393134393630
30666433313765353962643761363736336230633337303164623830336336646464643363346332
61626230383337313536653236393562393235353739353133663035316164336438356435386330
62323865353839366637326239626562313564623633383563313930316436656664356263383230
64623166333731303634616330376631383432636633666262356637663161366537313634306130
32303966386163633734663731626361393662663035373965383338353838626633333039653636
61646134343038653866636266623034343561386562393237353732316430373137343965653461
30363237623736643830303966306631353932333736366362653730356438633666316237626463
63623331663865323432316633333831623733643862346163323734663830333339613630656238
66373265313132613039643631313365656363313032393335373932383337636234343865643432
63303862613834396164396662323463363262383633663131313634623933316434326166623136
35623036316437323138336337663732366433633839373565373762653264623265306332323937
32613335343430326535373637326633663762656532663865393138393563316232323236303662
63366262323336376263393331353561343835356364303163663064626263363735653366613132
61336538636332343139626261383739353835653734393836383766306465343234633438393634
66383464656663336432386336663234336463663364323762633935343337373536326439626632
64366235623535613064356436636236346465643131326662383464306563343065363134353534
34333930306566356133363366326537653064666134363063663031656535653632363232653436
37623435666663316135316435623338363961353765396664623935386463656666393537643733
34623238396431343366646433656130393033613539666633376165633161346432643936363037
63396436633338356138303837386464386231636237366262393637323131333738383332313931
33363765653834393464376532626632343664336534383564316433333433616262626231626262
62623361653132346135303263646639643634333636383232653733323366366139366462363462
31633732653039653965373064363263343839353034646563313961383135356561376462646266
30306335313437303566323431383038636564616266363339666663346162343839623336646666
34313063383361323735303864363161383730333836336362373531636365386134333264313036
39343134636365386564633938303231613539383639346139633433623635373732666564656639
39333365386635303132323064306161643066393262643034323365316635643136353363383333
62646239396235653832343931343735633133616338336136343439626636366365346532666433
37343530383332313163636432363862636534303765353930353461656362643739336532633733
31396365396632336332636465666137396565626365666361626631336661663133373432393438
38343932333931303565653963373134623635633538323939663437306466353464636463623036
62633665636136373437313964316464373833636537333564653863366234353061353836626232
36356263653233316235
